$pi
[1] 0.3031173 0.2089739 0.4879087

$mu
$mu[[1]]
[1] 96.61694 35.89636 61.52453

$mu[[2]]
[1] 86.14695 59.44796 43.95096

$mu[[3]]
[1] 58.99655 38.87474 35.56702

$mu[[4]]
[1] 109.39960  91.32660  41.12681

$mu[[5]]
[1]  98.33135 168.84966


$sigma
$sigma[[1]]
[1]  90.277113   6.295871 214.014797

$sigma[[2]]
[1] 272.109878  14.832878   5.950751

$sigma[[3]]
[1] 56.50450 10.34891  2.54636

$sigma[[4]]
[1]  40.1408 163.0698  32.2462

$sigma[[5]]
[1] 33.16814 56.12803


$A.transition
$A.transition[[1]]
          [,1]       [,2]       [,3]
[1,] 0.4876636 0.14371270 0.36862365
[2,] 0.8137833 0.09512938 0.09108732
[3,] 0.7197819 0.12706325 0.15315485

$A.transition[[2]]
          [,1]      [,2]      [,3]
[1,] 0.1935074 0.2220965 0.5843960
[2,] 0.3005646 0.2420018 0.4574336
[3,] 0.3876509 0.1911543 0.4211948

$A.transition[[3]]
             [,1]         [,2]       [,3]
[1,] 1.367887e-07 9.355909e-01 0.06440898
[2,] 3.531614e-01 3.837344e-12 0.64683864
[3,] 2.438988e-01 2.138812e-02 0.73471307

$A.transition[[4]]
          [,1]        [,2]
[1,] 0.9975946 0.002405372
[2,] 0.9773047 0.022695281
[3,] 0.9238327 0.076167300


$loglikelihood
[1] -175470.4