Speedway-west WB

# Univariate GMM #
Campbell -> Mountain

$Pi
[1] 0.59006003 0.07263568 0.33730429

$Mu
[1]  95.81823 277.82411  56.34372

$Sigma
[1]   798.1444 16666.0754   144.9083

$loglikelihood
[1] -22409.96

Mountain -> Park

$Pi
[1] 0.57296460 0.36766687 0.05936853

$Mu
[1]  63.17064  27.72879 180.58148

$Sigma
[1]  540.51626   61.95351 7966.37868

$loglikelihood
[1] -21081.74

Park -> Euclid
$Pi
[1] 0.34424378 0.03115978 0.62459644

$Mu
[1] 222.2542 301.1632 160.0822

$Sigma
[1]   303.0292 27072.0995   130.9301

$loglikelihood
[1] -21073.14


# Multivariate GMM #

$Pi
[1] 0.05582385 0.83607187 0.10810428

$Mu
          [,1]      [,2]     [,3]
[1,] 107.26754 171.94622 261.1927
[2,]  79.58201  47.19378 179.9593
[3,] 214.59892  74.50457 192.7849

$Sigma
, , 1

          [,1]      [,2]       [,3]
[1,] 4866.2864  1691.648  -545.4885
[2,] 1691.6484 10343.450 -6271.0777
[3,] -545.4885 -6271.078 16982.4356

, , 2

           [,1]      [,2]        [,3]
[1,] 818.371466  36.74862    4.133804
[2,]  36.748615 566.87321  -33.577234
[3,]   4.133804 -33.57723 1046.787582

, , 3

          [,1]       [,2]       [,3]
[1,] 18068.711 -2821.3632 -1167.5224
[2,] -2821.363  1355.1781   364.8086
[3,] -1167.522   364.8086  1300.7102


$loglikelihood
[1] -66633.2


# HMM #
$pi
[1] 0.59120664 0.07446552 0.33432784

$mu
$mu[[1]]
[1]  95.54304 274.66323  56.18680

$mu[[2]]
[1]  62.09254  27.19617 173.21659

$mu[[3]]
[1] 221.9833 299.6270 159.9923


$sigma
$sigma[[1]]
[1]   785.3876 16687.6211   144.0744

$sigma[[2]]
[1]  525.66739   56.06133 7851.62736

$sigma[[3]]
[1]   307.9970 26587.1118   129.1428


$A.transition
$A.transition[[1]]
          [,1]      [,2]       [,3]
[1,] 0.6048161 0.3187058 0.07647813
[2,] 0.6016384 0.2581765 0.14018516
[3,] 0.5426733 0.4283410 0.02898573

$A.transition[[2]]
          [,1]       [,2]      [,3]
[1,] 0.3067255 0.02226844 0.6710061
[2,] 0.3653213 0.01966056 0.6150181
[3,] 0.5899787 0.18343730 0.2265840

$loglikelihood
[1] -64466.23
