Univariate GMM

tt2:
$Pi
[1] 0.2729469 0.2100387 0.5170145

$Mu
[1] 97.87513 35.92459 62.94943

$Sigma
[1]  76.155610   6.407919 236.244308

tt3:
$Pi
[1] 0.6493863 0.1490938 0.2015198

$Mu
[1] 87.01370 58.93368 43.83998

$Sigma
[1] 252.643500  24.811132   5.390303

tt4:
$Pi
[1] 0.6939699 0.3060301

$Mu
[1] 36.08914 55.63920

$Sigma
[1]  4.264032 94.784003


tt5:
$Pi
[1] 0.4802583 0.2804569 0.2392848

$Mu
[1]  39.64715  81.66243 106.65020

$Sigma
[1]  14.02697 498.00968  34.09560

tt6:
$Pi
[1] 0.95210166 0.04789834

$Mu
[1]  98.33135 168.84966

$Sigma
[1] 33.16814 56.12803

Multivariate GMM
$Pi
[1] 0.55882400 0.36006495 0.08111105

$Mu
         [,1]     [,2]     [,3]      [,4]     [,5]
[1,] 70.99032 82.54656 36.84026  41.52960 102.1366
[2,] 54.80941 67.82681 48.50098 101.38638 100.5686
[3,] 91.23277 44.08431 49.57791  95.54829 103.8259

$Sigma
, , 1

            [,1]        [,2]      [,3]       [,4]       [,5]
[1,]  621.713719 -230.540015 -1.600382 -19.306483   2.458516
[2,] -230.540015  440.353564  7.408417  17.988954  -6.723652
[3,]   -1.600382    7.408417 15.704373  -5.435238  -7.529569
[4,]  -19.306483   17.988954 -5.435238  42.409532  34.658595
[5,]    2.458516   -6.723652 -7.529569  34.658595 422.646731

, , 2

           [,1]       [,2]       [,3]       [,4]       [,5]
[1,] 386.225480 -22.053591   16.48394   30.83625  -2.345835
[2,] -22.053591 337.082043   41.04691   21.45627  -2.181291
[3,]  16.483936  41.046908  163.72314 -125.12960 -10.800363
[4,]  30.836250  21.456267 -125.12960  148.77269  10.130224
[5,]  -2.345835  -2.181291  -10.80036   10.13022  16.841533

, , 3

           [,1]      [,2]       [,3]       [,4]       [,5]
[1,]  237.29690 -29.54981  -15.74901  -49.10763 -106.20461
[2,]  -29.54981  17.20923    6.97808   22.05286   32.62239
[3,]  -15.74901   6.97808  131.45562 -110.59668    6.47038
[4,]  -49.10763  22.05286 -110.59668  230.70568   40.48043
[5,] -106.20461  32.62239    6.47038   40.48043  220.26917

Hidden Markov Model
$pi
[1] 0.2859152 0.2096882 0.5043965

$mu
$mu[[1]]
[1] 97.31963 35.91754 62.35050

$mu[[2]]
[1] 86.22904 59.42333 43.95319

$mu[[3]]
[1] 36.33042 57.81880

$mu[[4]]
[1]  41.11238  92.06625 109.62079

$mu[[5]]
[1]  98.33135 168.84966


$sigma
$sigma[[1]]
[1]  82.516396   6.383873 227.053498

$sigma[[2]]
[1] 270.184833  15.243372   5.969023

$sigma[[3]]
[1]  5.549511 69.829562

$sigma[[4]]
[1]  32.01855 169.18730  40.07028

$sigma[[5]]
[1] 33.16814 56.12803


$A.transition
$A.transition[[1]]
          [,1]       [,2]       [,3]
[1,] 0.4789944 0.14457152 0.37643411
[2,] 0.8112443 0.09792304 0.09083261
[3,] 0.7141325 0.12908200 0.15678546

$A.transition[[2]]
          [,1]      [,2]
[1,] 0.7901378 0.2098622
[2,] 0.6771931 0.3228069
[3,] 0.5811865 0.4188135

$A.transition[[3]]
           [,1]       [,2]         [,3]
[1,] 0.72075519 0.01479963 2.644452e-01
[2,] 0.08023929 0.91971952 4.119252e-05

$A.transition[[4]]
          [,1]       [,2]
[1,] 0.9241624 0.07583763
[2,] 0.9774084 0.02259159
[3,] 0.9978312 0.00216878


$loglikelihood
[1] -175931.4
