tt2:
$Pi
[1] 0.2729469 0.2100387 0.5170145

$Mu
[1] 97.87513 35.92459 62.94943

$Sigma
[1]  76.155610   6.407919 236.244308

tt3:
$Pi
[1] 0.6493863 0.1490938 0.2015198

$Mu
[1] 87.01370 58.93368 43.83998

$Sigma
[1] 252.643500  24.811132   5.390303

tt4:
$Pi
[1] 0.6939699 0.3060301

$Mu
[1] 36.08914 55.63920

$Sigma
[1]  4.264032 94.784003


tt5:
$Pi
[1] 0.4802583 0.2804569 0.2392848

$Mu
[1]  39.64715  81.66243 106.65020

$Sigma
[1]  14.02697 498.00968  34.09560

tt6:
$Pi
[1] 0.95210166 0.04789834

$Mu
[1]  98.33135 168.84966

$Sigma
[1] 33.16814 56.12803